-1073741823,
-1399423242,
-1676742403,
-1896115516,
-2049961329,
-2132963130,
-2142252484,
-2077508363,
-1940968240,
-1737350765,
-1473692695,
-1159105711,
-804461533,
-422016205,
-24986543,
372906621,
757912616,
1116726130,
1436947034,
1707508907,
1919061481,
2064293772,
2138186740,
2138186740,
2064293772,
1919061481,
1707508907,
1436947034,
1116726130,
757912616,
372906621,
-24986543,
-422016205,
-804461533,
-1159105711,
-1473692695,
-1737350765,
-1940968240,
-2077508363,
-2142252484,
-2132963130,
-2049961329,
-1896115516,
-1676742403,
-1399423242,
-1073741823,
-710953276,
-323595102,
74946098,
470897259,
850574820,
1200857615,
1509640324,
1766251817,
1961823931,
2089597947,
2145158161,
2126584483,
2034518797,
1872142772,
1645067914,
1361141637,
1030176065,
663608942,
274108351,
-124865069,
-519523314,
-896227506,
-1241959234,
-1544770457,
-1794196412,
-1981617259,
-2100555976,
-2146902196,
-2119054253,
-2017974536,
-1847156229,
-1612502591,
-1322122950,
-986052449,
-615905252,
-224473165,
174716423,
567868038,
941394869,
1282388310,
1579064070,
1821169418,
2000337506,
2110376518,
2147483647,
2110376518,
2000337506,
1821169418,
1579064070,
1282388310,
941394869,
567868038,
174716423,
-224473165,
-615905252,
-986052449,
-1322122950,
-1612502591,
-1847156229,
-2017974536,
-2119054253,
-2146902196,
-2100555976,
-1981617259,
-1794196412,
-1544770457,
-1241959234,
-896227506,
-519523314,
-124865069,
274108351,
663608942,
1030176065,
1361141637,
1645067914,
1872142772,
2034518797,
2126584483,
2145158161,
2089597947,
1961823931,
1766251817,
1509640324,
1200857615,
850574820,
470897259,
74946098,
-323595102,
-710953276,
-1073741823,
-1399423242,
-1676742403,
-1896115516,
-2049961329,
-2132963130,
-2142252484,
-2077508363,
-1940968240,
-1737350765,
-1473692695,
-1159105711,
-804461533,
-422016205,
-24986543,
372906621,
757912616,
1116726130,
1436947034,
1707508907,
1919061481,
2064293772,
2138186740,
2138186740,
2064293772,
1919061481,
1707508907,
1436947034,
1116726130,
757912616,
372906621,
-24986543,
-422016205,
-804461533,
-1159105711,
-1473692695,
-1737350765,
-1940968240,
-2077508363,
-2142252484,
-2132963130,
-2049961329,
-1896115516,
-1676742403,
-1399423242,
-1073741823,
-710953276,
-323595102,
74946098,
470897259,
850574820,
1200857615,
1509640324,
1766251817,
1961823931,
2089597947,
2145158161,
2126584483,
2034518797,
1872142772,
1645067914,
1361141637,
1030176065,
663608942,
274108351,
-124865069,
-519523314,
-896227506,
-1241959234,
-1544770457,
-1794196412,
-1981617259,
-2100555976,
-2146902196,
-2119054253,
-2017974536,
-1847156229,
-1612502591,
-1322122950,
-986052449,
-615905252,
-224473165,
174716423,
567868038,
941394869,
1282388310,
1579064070,
1821169418,
2000337506,
2110376518,
2147483647,
2110376518,
2000337506,
1821169418,
1579064070,
1282388310,
941394869,
567868038,
174716423,
-224473165,
-615905252,
-986052449,
-1322122950,
-1612502591,
-1847156229,
-2017974536,
-2119054253,
-2146902196,
-2100555976,
-1981617259,
-1794196412,
-1544770457,
-1241959234,
-896227506,
-519523314,
-124865069,
274108351,
663608942,
1030176065,
1361141637,
1645067914,
1872142772,
2034518797,
2126584483,
2145158161,
2089597947,
1961823931,
1766251817,
1509640324,
1200857615,
850574820,
470897259,
74946098,
-323595102,
-710953276,
-1073741823,
-1399423242,
-1676742403,
-1896115516,
-2049961329,
-2132963130,
-2142252484,
-2077508363,
-1940968240,
-1737350765,
-1473692695,
-1159105711,
-804461533,
-422016205,
-24986543,
372906621,
757912616,
1116726130,
1436947034,
1707508907,
1919061481,
2064293772,
2138186740,
2138186740,
2064293772,
1919061481,
1707508907,
1436947034,
1116726130,
757912616,
372906621,
-24986543,
-422016205,
-804461533,
-1159105711,
-1473692695,
-1737350765,
-1940968240,
-2077508363,
-2142252484,
-2132963130,
-2049961329,
-1896115516,
-1676742403,
-1399423242,
-1073741823,
-710953276,
-323595102,
74946098,
470897259,
850574820,
1200857615,
1509640324,
1766251817,
1961823931,
2089597947,
2145158161,
2126584483,
2034518797,
1872142772,
1645067914,
1361141637,
1030176065,
663608942,
274108351,
-124865069,
-519523314,
-896227506,
-1241959234,
-1544770457,
-1794196412,
-1981617259,
-2100555976,
-2146902196,
-2119054253,
-2017974536,
-1847156229,
-1612502591,
-1322122950,
-986052449,
-615905252,
-224473165,
174716423,
567868038,
941394869,
1282388310,
1579064070,
1821169418,
2000337506,
2110376518,
2147483647,
2110376518,
2000337506,
1821169418,
1579064070,
1282388310,
941394869,
567868038,
174716423,
-224473165,
-615905252,
-986052449,
-1322122950,
-1612502591,
-1847156229,
-2017974536,
-2119054253,
-2146902196,
-2100555976,
-1981617259,
-1794196412,
-1544770457,
-1241959234,
-896227506,
-519523314,
-124865069,
274108351,
663608942,
1030176065,
1361141637,
1645067914,
1872142772,
2034518797,
2126584483,
2145158161,
2089597947,
1961823931,
1766251817,
1509640324,
1200857615,
850574820,
470897259,
74946098,
-323595102,
-710953276,
-1073741823,
-1399423242,
-1676742403,
-1896115516,
-2049961329,
-2132963130,
-2142252484,
-2077508363,
-1940968240,
-1737350765,
-1473692695,
-1159105711,
-804461533,
-422016205,
-24986543,
372906621,
757912616,
1116726130,
1436947034,
1707508907,
1919061481,
2064293772,
2138186740,
2138186740,
2064293772,
1919061481,
1707508907,
1436947034,
1116726130,
757912616,
372906621,
-24986543,
-422016205,
-804461533,
-1159105711,
-1473692695,
-1737350765,
-1940968240,
-2077508363,
-2142252484,
-2132963130,
-2049961329,
-1896115516,
-1676742403,
-1399423242,
-1073741823,
-710953276,
-323595102,
74946098,
470897259,
850574820,
1200857615,
1509640324,
1766251817,
1961823931,
2089597947,
2145158161,
2126584483,
2034518797,
1872142772,
1645067914,
1361141637,
1030176065,
663608942,
274108351,
-124865069,
-519523314,
-896227506,
-1241959234,
-1544770457,
-1794196412,
-1981617259,
-2100555976,
-2146902196,
-2119054253,
-2017974536,
-1847156229,
-1612502591,
-1322122950,
-986052449,
-615905252,
-224473165,
174716423,
567868038,
941394869,
1282388310,
1579064070,
1821169418,
2000337506,
2110376518,
2147483647,
2110376518,
2000337506,
1821169418,
1579064070,
1282388310,
941394869,
567868038,
174716423,
-224473165,
-615905252,
-986052449,
-1322122950,
-1612502591,
-1847156229,
-2017974536,
-2119054253,
-2146902196,
-2100555976,
-1981617259,
-1794196412,
-1544770457,
-1241959234,
-896227506,
-519523314,
-124865069,
274108351,
663608942,
1030176065,
1361141637,
1645067914,
1872142772,
2034518797,
2126584483,
2145158161,
2089597947,
1961823931,
1766251817,
1509640324,
1200857615,
850574820,
470897259,
74946098,
-323595102,
-710953276,
-1073741823,
-1399423242,
-1676742403,
-1896115516,
-2049961329,
-2132963130,
-2142252484,
-2077508363,
-1940968240,
-1737350765,
-1473692695,
-1159105711,
-804461533,
-422016205,
-24986543,
372906621,
757912616,
1116726130,
1436947034,
1707508907,
1919061481,
2064293772,
2138186740,
2138186740,
2064293772,
1919061481,
1707508907,
1436947034,
1116726130,
757912616,
372906621,
-24986543,
-422016205,
-804461533,
-1159105711,
-1473692695,
-1737350765,
-1940968240,
-2077508363,
-2142252484,
-2132963130,
-2049961329,
-1896115516,
-1676742403,
-1399423242,
-1073741823,
-710953276,
-323595102,
74946098,
470897259,
850574820,
1200857615,
1509640324,
1766251817,
1961823931,
2089597947,
2145158161,
2126584483,
2034518797,
1872142772,
1645067914,
1361141637,
1030176065,
663608942,
274108351,
-124865069,
-519523314,
-896227506,
-1241959234,
-1544770457,
-1794196412,
-1981617259,
-2100555976,
-2146902196,
-2119054253,
-2017974536,
-1847156229,
-1612502591,
-1322122950,
-986052449,
-615905252,
-224473165,
174716423,
567868038,
941394869,
1282388310,
1579064070,
1821169418,
2000337506,
2110376518,
2147483647,
2110376518,
2000337506,
1821169418,
1579064070,
1282388310,
941394869,
567868038,
174716423,
-224473165,
-615905252,
-986052449,
-1322122950,
-1612502591,
-1847156229,
-2017974536,
-2119054253,
-2146902196,
-2100555976,
-1981617259,
-1794196412,
-1544770457,
-1241959234,
-896227506,
-519523314,
-124865069,
274108351,
663608942,
1030176065,
1361141637,
1645067914,
1872142772,
2034518797,
2126584483,
2145158161,
2089597947,
1961823931,
1766251817,
1509640324,
1200857615,
850574820,
470897259,
74946098,
-323595102,
-710953276,
-1073741823,
-1399423242,
-1676742403,
-1896115516,
-2049961329,
-2132963130,
-2142252484,
-2077508363,
-1940968240,
-1737350765,
-1473692695,
-1159105711,
-804461533,
-422016205,
-24986543,
372906621,
757912616,
1116726130,
1436947034,
1707508907,
1919061481,
2064293772,
2138186740,
2138186740,
2064293772,
1919061481,
1707508907,
1436947034,
1116726130,
757912616,
372906621,
-24986543,
-422016205,
-804461533,
-1159105711,
-1473692695,
-1737350765,
-1940968240,
-2077508363,
-2142252484,
-2132963130,
-2049961329,
-1896115516,
-1676742403,
-1399423242,
-1073741823,
-710953276,
-323595102,
74946098,
470897259,
850574820,
1200857615,
1509640324,
1766251817,
1961823931,
2089597947,
2145158161,
2126584483,
2034518797,
1872142772,
1645067914,
1361141637,
1030176065,
663608942,
274108351,
-124865069,
-519523314,
-896227506,
-1241959234,
-1544770457,
-1794196412,
-1981617259,
-2100555976,
-2146902196,
-2119054253,
-2017974536,
-1847156229,
-1612502591,
-1322122950,
-986052449,
-615905252,
-224473165,
174716423,
567868038,
941394869,
1282388310,
1579064070,
1821169418,
2000337506,
2110376518,
2147483647,
2110376518,
2000337506,
1821169418,
1579064070,
1282388310,
941394869,
567868038,
174716423,
-224473165,
-615905252,
-986052449,
-1322122950,
-1612502591,
-1847156229,
-2017974536,
-2119054253,
-2146902196,
-2100555976,
-1981617259,
-1794196412,
-1544770457,
-1241959234,
-896227506,
-519523314,
-124865069,
274108351,
663608942,
1030176065,
1361141637,
1645067914,
1872142772,
2034518797,
2126584483,
2145158161,
2089597947,
1961823931,
1766251817,
1509640324,
1200857615,
850574820,
470897259,
74946098,
-323595102,
-710953276,
-1073741823,
-1399423242,
-1676742403,
-1896115516,
-2049961329,
-2132963130,
-2142252484,
-2077508363,
-1940968240,
-1737350765,
-1473692695,
-1159105711,
-804461533,
-422016205,
-24986543,
372906621,
757912616,
1116726130,
1436947034,
1707508907,
1919061481,
2064293772,
2138186740,
2138186740,
2064293772,
1919061481,
1707508907,
1436947034,
1116726130,
757912616,
372906621,
-24986543,
-422016205,
-804461533,
-1159105711,
-1473692695,
-1737350765,
-1940968240,
-2077508363,
-2142252484,
-2132963130,
-2049961329,
-1896115516,
-1676742403,
-1399423242,
-1073741823,
-710953276,
-323595102,
74946098,
470897259,
850574820,
1200857615,
1509640324,
1766251817,
1961823931,
2089597947,
2145158161,
2126584483,
2034518797,
1872142772,
1645067914,
1361141637,
1030176065,
663608942,
274108351,
-124865069,
-519523314,
-896227506,
-1241959234,
-1544770457,
-1794196412,
-1981617259,
-2100555976,
-2146902196,
-2119054253,
-2017974536,
-1847156229,
-1612502591,
-1322122950,
-986052449,
-615905252,
-224473165,
174716423,
567868038,
941394869,
1282388310,
1579064070,
1821169418,
2000337506,
2110376518,
2147483647,
2110376518,
2000337506,
1821169418,
1579064070,
1282388310,
941394869,
567868038,
174716423,
-224473165,
-615905252,
-986052449,
-1322122950,
-1612502591,
-1847156229,
-2017974536,
-2119054253,
-2146902196,
-2100555976,
-1981617259,
-1794196412,
-1544770457,
-1241959234,
-896227506,
-519523314,
-124865069,
274108351,
663608942,
1030176065,
1361141637,
1645067914,
1872142772,
2034518797,
2126584483,
2145158161,
2089597947,
1961823931,
1766251817,
1509640324,
1200857615,
850574820,
470897259,
74946098,
-323595102,
-710953276,
-1073741823,
-1399423242,
-1676742403,
-1896115516,
-2049961329,
-2132963130,
-2142252484,
-2077508363,
-1940968240,
-1737350765,
-1473692695,
-1159105711,
-804461533,
-422016205,
-24986543,
372906621,
757912616,
1116726130,
1436947034,
1707508907,
1919061481,
2064293772,
2138186740,
2138186740,
2064293772,
1919061481,
1707508907,
1436947034,
1116726130,
757912616,
372906621,
-24986543,
-422016205,
-804461533,
-1159105711,
-1473692695,
-1737350765,
-1940968240,
-2077508363,
-2142252484,
-2132963130,
-2049961329,
-1896115516,
-1676742403,
-1399423242,
-1073741823,
-710953276,
-323595102,
74946098,
470897259,
850574820,
1200857615,
1509640324,
1766251817,
1961823931,
2089597947,
2145158161,
2126584483,
2034518797,
1872142772,
1645067914,
1361141637,
1030176065,
663608942,
274108351,
-124865069,
-519523314,
-896227506,
-1241959234,
-1544770457,
-1794196412,
-1981617259,
-2100555976,
-2146902196,
-2119054253,
-2017974536,
-1847156229,
-1612502591,
-1322122950,
-986052449,
-615905252,
-224473165,
174716423,
567868038,
941394869,
1282388310,
1579064070,
1821169418,
2000337506,
2110376518,
2147483647,
2110376518,
2000337506,
1821169418,
1579064070,
1282388310,
941394869,
567868038,
174716423,
-224473165,
-615905252,
-986052449,
-1322122950,
-1612502591,
-1847156229,
-2017974536,
-2119054253,
-2146902196,
-2100555976,
-1981617259,
-1794196412,
-1544770457,
-1241959234,
-896227506,
-519523314,
-124865069,
274108351,
663608942,
1030176065,
1361141637,
1645067914,
1872142772,
2034518797,
2126584483,
2145158161,
2089597947,
1961823931,
1766251817,
1509640324,
1200857615,
850574820,
470897259,
74946098,
-323595102,
-710953276,
