0,
199608306,
397488320,
591926714,
781239958,
963788900,
1137992954,
1302343788,
1455418385,
1595891360,
1722546439,
1834286990,
1930145516,
2009292034,
2071041261,
2114858545,
2140364498,
2147338279,
2135719506,
2105608780,
2057266811,
1991112165,
1907717636,
1807805289,
1692240207,
1562023000,
1418281144,
1262259217,
1095308120,
918873388,
734482664,
543732483,
348274437,
149800886,
-49969703,
-249307634,
-446486956,
-639800406,
-827574197,
-1008182503,
-1180061544,
-1341723117,
-1491767490,
-1628895516,
-1751919882,
-1859775392,
-1951528188,
-2026383836,
-2083694204,
-2122963076,
-2143850444,
-2146175457,
-2129917985,
-2095218791,
-2042378316,
-1971854073,
-1884256693,
-1780344629,
-1661017596,
-1527308777,
-1380375880,
-1221491110,
-1052030158,
-873460289,
-687327635,
-495243811,
-298871958,
-99912347,
99912347,
298871958,
495243811,
687327635,
873460289,
1052030158,
1221491110,
1380375880,
1527308777,
1661017596,
1780344629,
1884256693,
1971854073,
2042378316,
2095218791,
2129917985,
2146175457,
2143850444,
2122963076,
2083694204,
2026383836,
1951528188,
1859775392,
1751919882,
1628895516,
1491767490,
1341723117,
1180061544,
1008182503,
827574197,
639800406,
446486956,
249307634,
49969703,
-149800886,
-348274437,
-543732483,
-734482664,
-918873388,
-1095308120,
-1262259217,
-1418281144,
-1562023000,
-1692240207,
-1807805289,
-1907717636,
-1991112165,
-2057266811,
-2105608780,
-2135719506,
-2147338279,
-2140364498,
-2114858545,
-2071041261,
-2009292034,
-1930145516,
-1834286990,
-1722546439,
-1595891360,
-1455418385,
-1302343788,
-1137992954,
-963788900,
-781239958,
-591926714,
-397488320,
-199608306,
0,
199608306,
397488320,
591926714,
781239958,
963788900,
1137992954,
1302343788,
1455418385,
1595891360,
1722546439,
1834286990,
1930145516,
2009292034,
2071041261,
2114858545,
2140364498,
2147338279,
2135719506,
2105608780,
2057266811,
1991112165,
1907717636,
1807805289,
1692240207,
1562023000,
1418281144,
1262259217,
1095308120,
918873388,
734482664,
543732483,
348274437,
149800886,
-49969703,
-249307634,
-446486956,
-639800406,
-827574197,
-1008182503,
-1180061544,
-1341723117,
-1491767490,
-1628895516,
-1751919882,
-1859775392,
-1951528188,
-2026383836,
-2083694204,
-2122963076,
-2143850444,
-2146175457,
-2129917985,
-2095218791,
-2042378316,
-1971854073,
-1884256693,
-1780344629,
-1661017596,
-1527308777,
-1380375880,
-1221491110,
-1052030158,
-873460289,
-687327635,
-495243811,
-298871958,
-99912347,
99912347,
298871958,
495243811,
687327635,
873460289,
1052030158,
1221491110,
1380375880,
1527308777,
1661017596,
1780344629,
1884256693,
1971854073,
2042378316,
2095218791,
2129917985,
2146175457,
2143850444,
2122963076,
2083694204,
2026383836,
1951528188,
1859775392,
1751919882,
1628895516,
1491767490,
1341723117,
1180061544,
1008182503,
827574197,
639800406,
446486956,
249307634,
49969703,
-149800886,
-348274437,
-543732483,
-734482664,
-918873388,
-1095308120,
-1262259217,
-1418281144,
-1562023000,
-1692240207,
-1807805289,
-1907717636,
-1991112165,
-2057266811,
-2105608780,
-2135719506,
-2147338279,
-2140364498,
-2114858545,
-2071041261,
-2009292034,
-1930145516,
-1834286990,
-1722546439,
-1595891360,
-1455418385,
-1302343788,
-1137992954,
-963788900,
-781239958,
-591926714,
-397488320,
-199608306,
0,
199608306,
397488320,
591926714,
781239958,
963788900,
1137992954,
1302343788,
1455418385,
1595891360,
1722546439,
1834286990,
1930145516,
2009292034,
2071041261,
2114858545,
2140364498,
2147338279,
2135719506,
2105608780,
2057266811,
1991112165,
1907717636,
1807805289,
1692240207,
1562023000,
1418281144,
1262259217,
1095308120,
918873388,
734482664,
543732483,
348274437,
149800886,
-49969703,
-249307634,
-446486956,
-639800406,
-827574197,
-1008182503,
-1180061544,
-1341723117,
-1491767490,
-1628895516,
-1751919882,
-1859775392,
-1951528188,
-2026383836,
-2083694204,
-2122963076,
-2143850444,
-2146175457,
-2129917985,
-2095218791,
-2042378316,
-1971854073,
-1884256693,
-1780344629,
-1661017596,
-1527308777,
-1380375880,
-1221491110,
-1052030158,
-873460289,
-687327635,
-495243811,
-298871958,
-99912347,
99912347,
298871958,
495243811,
687327635,
873460289,
1052030158,
1221491110,
1380375880,
1527308777,
1661017596,
1780344629,
1884256693,
1971854073,
2042378316,
2095218791,
2129917985,
2146175457,
2143850444,
2122963076,
2083694204,
2026383836,
1951528188,
1859775392,
1751919882,
1628895516,
1491767490,
1341723117,
1180061544,
1008182503,
827574197,
639800406,
446486956,
249307634,
49969703,
-149800886,
-348274437,
-543732483,
-734482664,
-918873388,
-1095308120,
-1262259217,
-1418281144,
-1562023000,
-1692240207,
-1807805289,
-1907717636,
-1991112165,
-2057266811,
-2105608780,
-2135719506,
-2147338279,
-2140364498,
-2114858545,
-2071041261,
-2009292034,
-1930145516,
-1834286990,
-1722546439,
-1595891360,
-1455418385,
-1302343788,
-1137992954,
-963788900,
-781239958,
-591926714,
-397488320,
-199608306,
0,
199608306,
397488320,
591926714,
781239958,
963788900,
1137992954,
1302343788,
1455418385,
1595891360,
1722546439,
1834286990,
1930145516,
2009292034,
2071041261,
2114858545,
2140364498,
2147338279,
2135719506,
2105608780,
2057266811,
1991112165,
1907717636,
1807805289,
1692240207,
1562023000,
1418281144,
1262259217,
1095308120,
918873388,
734482664,
543732483,
348274437,
149800886,
-49969703,
-249307634,
-446486956,
-639800406,
-827574197,
-1008182503,
-1180061544,
-1341723117,
-1491767490,
-1628895516,
-1751919882,
-1859775392,
-1951528188,
-2026383836,
-2083694204,
-2122963076,
-2143850444,
-2146175457,
-2129917985,
-2095218791,
-2042378316,
-1971854073,
-1884256693,
-1780344629,
-1661017596,
-1527308777,
-1380375880,
-1221491110,
-1052030158,
-873460289,
-687327635,
-495243811,
-298871958,
-99912347,
99912347,
298871958,
495243811,
687327635,
873460289,
1052030158,
1221491110,
1380375880,
1527308777,
1661017596,
1780344629,
1884256693,
1971854073,
2042378316,
2095218791,
2129917985,
2146175457,
2143850444,
2122963076,
2083694204,
2026383836,
1951528188,
1859775392,
1751919882,
1628895516,
1491767490,
1341723117,
1180061544,
1008182503,
827574197,
639800406,
446486956,
249307634,
49969703,
-149800886,
-348274437,
-543732483,
-734482664,
-918873388,
-1095308120,
-1262259217,
-1418281144,
-1562023000,
-1692240207,
-1807805289,
-1907717636,
-1991112165,
-2057266811,
-2105608780,
-2135719506,
-2147338279,
-2140364498,
-2114858545,
-2071041261,
-2009292034,
-1930145516,
-1834286990,
-1722546439,
-1595891360,
-1455418385,
-1302343788,
-1137992954,
-963788900,
-781239958,
-591926714,
-397488320,
-199608306,
0,
199608306,
397488320,
591926714,
781239958,
963788900,
1137992954,
1302343788,
1455418385,
1595891360,
1722546439,
1834286990,
1930145516,
2009292034,
2071041261,
2114858545,
2140364498,
2147338279,
2135719506,
2105608780,
2057266811,
1991112165,
1907717636,
1807805289,
1692240207,
1562023000,
1418281144,
1262259217,
1095308120,
918873388,
734482664,
543732483,
348274437,
149800886,
-49969703,
-249307634,
-446486956,
-639800406,
-827574197,
-1008182503,
-1180061544,
-1341723117,
-1491767490,
-1628895516,
-1751919882,
-1859775392,
-1951528188,
-2026383836,
-2083694204,
-2122963076,
-2143850444,
-2146175457,
-2129917985,
-2095218791,
-2042378316,
-1971854073,
-1884256693,
-1780344629,
-1661017596,
-1527308777,
-1380375880,
-1221491110,
-1052030158,
-873460289,
-687327635,
-495243811,
-298871958,
-99912347,
99912347,
298871958,
495243811,
687327635,
873460289,
1052030158,
1221491110,
1380375880,
1527308777,
1661017596,
1780344629,
1884256693,
1971854073,
2042378316,
2095218791,
2129917985,
2146175457,
2143850444,
2122963076,
2083694204,
2026383836,
1951528188,
1859775392,
1751919882,
1628895516,
1491767490,
1341723117,
1180061544,
1008182503,
827574197,
639800406,
446486956,
249307634,
49969703,
-149800886,
-348274437,
-543732483,
-734482664,
-918873388,
-1095308120,
-1262259217,
-1418281144,
-1562023000,
-1692240207,
-1807805289,
-1907717636,
-1991112165,
-2057266811,
-2105608780,
-2135719506,
-2147338279,
-2140364498,
-2114858545,
-2071041261,
-2009292034,
-1930145516,
-1834286990,
-1722546439,
-1595891360,
-1455418385,
-1302343788,
-1137992954,
-963788900,
-781239958,
-591926714,
-397488320,
-199608306,
0,
199608306,
397488320,
591926714,
781239958,
963788900,
1137992954,
1302343788,
1455418385,
1595891360,
1722546439,
1834286990,
1930145516,
2009292034,
2071041261,
2114858545,
2140364498,
2147338279,
2135719506,
2105608780,
2057266811,
1991112165,
1907717636,
1807805289,
1692240207,
1562023000,
1418281144,
1262259217,
1095308120,
918873388,
734482664,
543732483,
348274437,
149800886,
-49969703,
-249307634,
-446486956,
-639800406,
-827574197,
-1008182503,
-1180061544,
-1341723117,
-1491767490,
-1628895516,
-1751919882,
-1859775392,
-1951528188,
-2026383836,
-2083694204,
-2122963076,
-2143850444,
-2146175457,
-2129917985,
-2095218791,
-2042378316,
-1971854073,
-1884256693,
-1780344629,
-1661017596,
-1527308777,
-1380375880,
-1221491110,
-1052030158,
-873460289,
-687327635,
-495243811,
-298871958,
-99912347,
99912347,
298871958,
495243811,
687327635,
873460289,
1052030158,
1221491110,
1380375880,
1527308777,
1661017596,
1780344629,
1884256693,
1971854073,
2042378316,
2095218791,
2129917985,
2146175457,
2143850444,
2122963076,
2083694204,
2026383836,
1951528188,
1859775392,
1751919882,
1628895516,
1491767490,
1341723117,
1180061544,
1008182503,
827574197,
639800406,
446486956,
249307634,
49969703,
-149800886,
-348274437,
-543732483,
-734482664,
-918873388,
-1095308120,
-1262259217,
-1418281144,
-1562023000,
-1692240207,
-1807805289,
-1907717636,
-1991112165,
-2057266811,
-2105608780,
-2135719506,
-2147338279,
-2140364498,
-2114858545,
-2071041261,
-2009292034,
-1930145516,
-1834286990,
-1722546439,
-1595891360,
-1455418385,
-1302343788,
-1137992954,
-963788900,
-781239958,
-591926714,
-397488320,
-199608306,
0,
199608306,
397488320,
591926714,
781239958,
963788900,
1137992954,
1302343788,
1455418385,
1595891360,
1722546439,
1834286990,
1930145516,
2009292034,
2071041261,
2114858545,
2140364498,
2147338279,
2135719506,
2105608780,
2057266811,
1991112165,
1907717636,
1807805289,
1692240207,
1562023000,
1418281144,
1262259217,
1095308120,
918873388,
734482664,
543732483,
348274437,
149800886,
-49969703,
-249307634,
-446486956,
-639800406,
-827574197,
-1008182503,
-1180061544,
-1341723117,
-1491767490,
-1628895516,
-1751919882,
-1859775392,
-1951528188,
-2026383836,
-2083694204,
-2122963076,
-2143850444,
-2146175457,
-2129917985,
-2095218791,
-2042378316,
-1971854073,
-1884256693,
-1780344629,
-1661017596,
-1527308777,
-1380375880,
-1221491110,
-1052030158,
-873460289,
-687327635,
-495243811,
-298871958,
-99912347,
99912347,
298871958,
495243811,
687327635,
873460289,
1052030158,
1221491110,
1380375880,
1527308777,
1661017596,
1780344629,
1884256693,
1971854073,
2042378316,
2095218791,
2129917985,
2146175457,
2143850444,
2122963076,
2083694204,
2026383836,
1951528188,
1859775392,
1751919882,
1628895516,
1491767490,
1341723117,
1180061544,
1008182503,
827574197,
639800406,
446486956,
249307634,
49969703,
-149800886,
-348274437,
-543732483,
-734482664,
-918873388,
-1095308120,
-1262259217,
-1418281144,
-1562023000,
-1692240207,
-1807805289,
-1907717636,
-1991112165,
-2057266811,
-2105608780,
-2135719506,
-2147338279,
-2140364498,
-2114858545,
-2071041261,
-2009292034,
-1930145516,
-1834286990,
-1722546439,
-1595891360,
-1455418385,
-1302343788,
-1137992954,
-963788900,
-781239958,
-591926714,
-397488320,
-199608306,
0,
199608306,
397488320,
591926714,
781239958,
963788900,
1137992954,
1302343788,
1455418385,
1595891360,
1722546439,
1834286990,
1930145516,
2009292034,
2071041261,
2114858545,
2140364498,
2147338279,
2135719506,
2105608780,
2057266811,
1991112165,
1907717636,
1807805289,
1692240207,
1562023000,
1418281144,
1262259217,
1095308120,
918873388,
734482664,
543732483,
348274437,
149800886,
-49969703,
-249307634,
-446486956,
-639800406,
-827574197,
-1008182503,
-1180061544,
-1341723117,
-1491767490,
-1628895516,
-1751919882,
-1859775392,
-1951528188,
-2026383836,
-2083694204,
-2122963076,
-2143850444,
-2146175457,
-2129917985,
-2095218791,
-2042378316,
-1971854073,
-1884256693,
-1780344629,
-1661017596,
-1527308777,
-1380375880,
-1221491110,
-1052030158,
-873460289,
-687327635,
-495243811,
-298871958,
-99912347,
99912347,
298871958,
495243811,
687327635,
873460289,
1052030158,
1221491110,
1380375880,
1527308777,
1661017596,
1780344629,
1884256693,
1971854073,
2042378316,
2095218791,
2129917985,
2146175457,
2143850444,
2122963076,
2083694204,
2026383836,
1951528188,
1859775392,
1751919882,
1628895516,
1491767490,
1341723117,
1180061544,
1008182503,
827574197,
639800406,
446486956,
249307634,
49969703,
-149800886,
-348274437,
-543732483,
-734482664,
-918873388,
-1095308120,
-1262259217,
-1418281144,
-1562023000,
-1692240207,
-1807805289,
-1907717636,
-1991112165,
-2057266811,
-2105608780,
-2135719506,
-2147338279,
-2140364498,
-2114858545,
-2071041261,
-2009292034,
-1930145516,
-1834286990,
-1722546439,
-1595891360,
-1455418385,
-1302343788,
-1137992954,
-963788900,
-781239958,
-591926714,
-397488320,
-199608306,
