1859775392,
1628895516,
1341723117,
1008182503,
639800406,
249307634,
-149800886,
-543732483,
-918873388,
-1262259217,
-1562023000,
-1807805289,
-1991112165,
-2105608780,
-2147338279,
-2114858545,
-2009292034,
-1834286990,
-1595891360,
-1302343788,
-963788900,
-591926714,
-199608306,
199608306,
591926714,
963788900,
1302343788,
1595891360,
1834286990,
2009292034,
2114858545,
2147338279,
2105608780,
1991112165,
1807805289,
1562023000,
1262259217,
918873388,
543732483,
149800886,
-249307634,
-639800406,
-1008182503,
-1341723117,
-1628895516,
-1859775392,
-2026383836,
-2122963076,
-2146175457,
-2095218791,
-1971854073,
-1780344629,
-1527308777,
-1221491110,
-873460289,
-495243811,
-99912347,
298871958,
687327635,
1052030158,
1380375880,
1661017596,
1884256693,
2042378316,
2129917985,
2143850444,
2083694204,
1951528188,
1751919882,
1491767490,
1180061544,
827574197,
446486956,
49969703,
-348274437,
-734482664,
-1095308120,
-1418281144,
-1692240207,
-1907717636,
-2057266811,
-2135719506,
-2140364498,
-2071041261,
-1930145516,
-1722546439,
-1455418385,
-1137992954,
-781239958,
-397488320,
0,
397488320,
781239958,
1137992954,
1455418385,
1722546439,
1930145516,
2071041261,
2140364498,
2135719506,
2057266811,
1907717636,
1692240207,
1418281144,
1095308120,
734482664,
348274437,
-49969703,
-446486956,
-827574197,
-1180061544,
-1491767490,
-1751919882,
-1951528188,
-2083694204,
-2143850444,
-2129917985,
-2042378316,
-1884256693,
-1661017596,
-1380375880,
-1052030158,
-687327635,
-298871958,
99912347,
495243811,
873460289,
1221491110,
1527308777,
1780344629,
1971854073,
2095218791,
2146175457,
2122963076,
2026383836,
1859775392,
1628895516,
1341723117,
1008182503,
639800406,
249307634,
-149800886,
-543732483,
-918873388,
-1262259217,
-1562023000,
-1807805289,
-1991112165,
-2105608780,
-2147338279,
-2114858545,
-2009292034,
-1834286990,
-1595891360,
-1302343788,
-963788900,
-591926714,
-199608306,
199608306,
591926714,
963788900,
1302343788,
1595891360,
1834286990,
2009292034,
2114858545,
2147338279,
2105608780,
1991112165,
1807805289,
1562023000,
1262259217,
918873388,
543732483,
149800886,
-249307634,
-639800406,
-1008182503,
-1341723117,
-1628895516,
-1859775392,
-2026383836,
-2122963076,
-2146175457,
-2095218791,
-1971854073,
-1780344629,
-1527308777,
-1221491110,
-873460289,
-495243811,
-99912347,
298871958,
687327635,
1052030158,
1380375880,
1661017596,
1884256693,
2042378316,
2129917985,
2143850444,
2083694204,
1951528188,
1751919882,
1491767490,
1180061544,
827574197,
446486956,
49969703,
-348274437,
-734482664,
-1095308120,
-1418281144,
-1692240207,
-1907717636,
-2057266811,
-2135719506,
-2140364498,
-2071041261,
-1930145516,
-1722546439,
-1455418385,
-1137992954,
-781239958,
-397488320,
0,
397488320,
781239958,
1137992954,
1455418385,
1722546439,
1930145516,
2071041261,
2140364498,
2135719506,
2057266811,
1907717636,
1692240207,
1418281144,
1095308120,
734482664,
348274437,
-49969703,
-446486956,
-827574197,
-1180061544,
-1491767490,
-1751919882,
-1951528188,
-2083694204,
-2143850444,
-2129917985,
-2042378316,
-1884256693,
-1661017596,
-1380375880,
-1052030158,
-687327635,
-298871958,
99912347,
495243811,
873460289,
1221491110,
1527308777,
1780344629,
1971854073,
2095218791,
2146175457,
2122963076,
2026383836,
1859775392,
1628895516,
1341723117,
1008182503,
639800406,
249307634,
-149800886,
-543732483,
-918873388,
-1262259217,
-1562023000,
-1807805289,
-1991112165,
-2105608780,
-2147338279,
-2114858545,
-2009292034,
-1834286990,
-1595891360,
-1302343788,
-963788900,
-591926714,
-199608306,
199608306,
591926714,
963788900,
1302343788,
1595891360,
1834286990,
2009292034,
2114858545,
2147338279,
2105608780,
1991112165,
1807805289,
1562023000,
1262259217,
918873388,
543732483,
149800886,
-249307634,
-639800406,
-1008182503,
-1341723117,
-1628895516,
-1859775392,
-2026383836,
-2122963076,
-2146175457,
-2095218791,
-1971854073,
-1780344629,
-1527308777,
-1221491110,
-873460289,
-495243811,
-99912347,
298871958,
687327635,
1052030158,
1380375880,
1661017596,
1884256693,
2042378316,
2129917985,
2143850444,
2083694204,
1951528188,
1751919882,
1491767490,
1180061544,
827574197,
446486956,
49969703,
-348274437,
-734482664,
-1095308120,
-1418281144,
-1692240207,
-1907717636,
-2057266811,
-2135719506,
-2140364498,
-2071041261,
-1930145516,
-1722546439,
-1455418385,
-1137992954,
-781239958,
-397488320,
0,
397488320,
781239958,
1137992954,
1455418385,
1722546439,
1930145516,
2071041261,
2140364498,
2135719506,
2057266811,
1907717636,
1692240207,
1418281144,
1095308120,
734482664,
348274437,
-49969703,
-446486956,
-827574197,
-1180061544,
-1491767490,
-1751919882,
-1951528188,
-2083694204,
-2143850444,
-2129917985,
-2042378316,
-1884256693,
-1661017596,
-1380375880,
-1052030158,
-687327635,
-298871958,
99912347,
495243811,
873460289,
1221491110,
1527308777,
1780344629,
1971854073,
2095218791,
2146175457,
2122963076,
2026383836,
1859775392,
1628895516,
1341723117,
1008182503,
639800406,
249307634,
-149800886,
-543732483,
-918873388,
-1262259217,
-1562023000,
-1807805289,
-1991112165,
-2105608780,
-2147338279,
-2114858545,
-2009292034,
-1834286990,
-1595891360,
-1302343788,
-963788900,
-591926714,
-199608306,
199608306,
591926714,
963788900,
1302343788,
1595891360,
1834286990,
2009292034,
2114858545,
2147338279,
2105608780,
1991112165,
1807805289,
1562023000,
1262259217,
918873388,
543732483,
149800886,
-249307634,
-639800406,
-1008182503,
-1341723117,
-1628895516,
-1859775392,
-2026383836,
-2122963076,
-2146175457,
-2095218791,
-1971854073,
-1780344629,
-1527308777,
-1221491110,
-873460289,
-495243811,
-99912347,
298871958,
687327635,
1052030158,
1380375880,
1661017596,
1884256693,
2042378316,
2129917985,
2143850444,
2083694204,
1951528188,
1751919882,
1491767490,
1180061544,
827574197,
446486956,
49969703,
-348274437,
-734482664,
-1095308120,
-1418281144,
-1692240207,
-1907717636,
-2057266811,
-2135719506,
-2140364498,
-2071041261,
-1930145516,
-1722546439,
-1455418385,
-1137992954,
-781239958,
-397488320,
0,
397488320,
781239958,
1137992954,
1455418385,
1722546439,
1930145516,
2071041261,
2140364498,
2135719506,
2057266811,
1907717636,
1692240207,
1418281144,
1095308120,
734482664,
348274437,
-49969703,
-446486956,
-827574197,
-1180061544,
-1491767490,
-1751919882,
-1951528188,
-2083694204,
-2143850444,
-2129917985,
-2042378316,
-1884256693,
-1661017596,
-1380375880,
-1052030158,
-687327635,
-298871958,
99912347,
495243811,
873460289,
1221491110,
1527308777,
1780344629,
1971854073,
2095218791,
2146175457,
2122963076,
2026383836,
1859775392,
1628895516,
1341723117,
1008182503,
639800406,
249307634,
-149800886,
-543732483,
-918873388,
-1262259217,
-1562023000,
-1807805289,
-1991112165,
-2105608780,
-2147338279,
-2114858545,
-2009292034,
-1834286990,
-1595891360,
-1302343788,
-963788900,
-591926714,
-199608306,
199608306,
591926714,
963788900,
1302343788,
1595891360,
1834286990,
2009292034,
2114858545,
2147338279,
2105608780,
1991112165,
1807805289,
1562023000,
1262259217,
918873388,
543732483,
149800886,
-249307634,
-639800406,
-1008182503,
-1341723117,
-1628895516,
-1859775392,
-2026383836,
-2122963076,
-2146175457,
-2095218791,
-1971854073,
-1780344629,
-1527308777,
-1221491110,
-873460289,
-495243811,
-99912347,
298871958,
687327635,
1052030158,
1380375880,
1661017596,
1884256693,
2042378316,
2129917985,
2143850444,
2083694204,
1951528188,
1751919882,
1491767490,
1180061544,
827574197,
446486956,
49969703,
-348274437,
-734482664,
-1095308120,
-1418281144,
-1692240207,
-1907717636,
-2057266811,
-2135719506,
-2140364498,
-2071041261,
-1930145516,
-1722546439,
-1455418385,
-1137992954,
-781239958,
-397488320,
0,
397488320,
781239958,
1137992954,
1455418385,
1722546439,
1930145516,
2071041261,
2140364498,
2135719506,
2057266811,
1907717636,
1692240207,
1418281144,
1095308120,
734482664,
348274437,
-49969703,
-446486956,
-827574197,
-1180061544,
-1491767490,
-1751919882,
-1951528188,
-2083694204,
-2143850444,
-2129917985,
-2042378316,
-1884256693,
-1661017596,
-1380375880,
-1052030158,
-687327635,
-298871958,
99912347,
495243811,
873460289,
1221491110,
1527308777,
1780344629,
1971854073,
2095218791,
2146175457,
2122963076,
2026383836,
1859775392,
1628895516,
1341723117,
1008182503,
639800406,
249307634,
-149800886,
-543732483,
-918873388,
-1262259217,
-1562023000,
-1807805289,
-1991112165,
-2105608780,
-2147338279,
-2114858545,
-2009292034,
-1834286990,
-1595891360,
-1302343788,
-963788900,
-591926714,
-199608306,
199608306,
591926714,
963788900,
1302343788,
1595891360,
1834286990,
2009292034,
2114858545,
2147338279,
2105608780,
1991112165,
1807805289,
1562023000,
1262259217,
918873388,
543732483,
149800886,
-249307634,
-639800406,
-1008182503,
-1341723117,
-1628895516,
-1859775392,
-2026383836,
-2122963076,
-2146175457,
-2095218791,
-1971854073,
-1780344629,
-1527308777,
-1221491110,
-873460289,
-495243811,
-99912347,
298871958,
687327635,
1052030158,
1380375880,
1661017596,
1884256693,
2042378316,
2129917985,
2143850444,
2083694204,
1951528188,
1751919882,
1491767490,
1180061544,
827574197,
446486956,
49969703,
-348274437,
-734482664,
-1095308120,
-1418281144,
-1692240207,
-1907717636,
-2057266811,
-2135719506,
-2140364498,
-2071041261,
-1930145516,
-1722546439,
-1455418385,
-1137992954,
-781239958,
-397488320,
0,
397488320,
781239958,
1137992954,
1455418385,
1722546439,
1930145516,
2071041261,
2140364498,
2135719506,
2057266811,
1907717636,
1692240207,
1418281144,
1095308120,
734482664,
348274437,
-49969703,
-446486956,
-827574197,
-1180061544,
-1491767490,
-1751919882,
-1951528188,
-2083694204,
-2143850444,
-2129917985,
-2042378316,
-1884256693,
-1661017596,
-1380375880,
-1052030158,
-687327635,
-298871958,
99912347,
495243811,
873460289,
1221491110,
1527308777,
1780344629,
1971854073,
2095218791,
2146175457,
2122963076,
2026383836,
1859775392,
1628895516,
1341723117,
1008182503,
639800406,
249307634,
-149800886,
-543732483,
-918873388,
-1262259217,
-1562023000,
-1807805289,
-1991112165,
-2105608780,
-2147338279,
-2114858545,
-2009292034,
-1834286990,
-1595891360,
-1302343788,
-963788900,
-591926714,
-199608306,
199608306,
591926714,
963788900,
1302343788,
1595891360,
1834286990,
2009292034,
2114858545,
2147338279,
2105608780,
1991112165,
1807805289,
1562023000,
1262259217,
918873388,
543732483,
149800886,
-249307634,
-639800406,
-1008182503,
-1341723117,
-1628895516,
-1859775392,
-2026383836,
-2122963076,
-2146175457,
-2095218791,
-1971854073,
-1780344629,
-1527308777,
-1221491110,
-873460289,
-495243811,
-99912347,
298871958,
687327635,
1052030158,
1380375880,
1661017596,
1884256693,
2042378316,
2129917985,
2143850444,
2083694204,
1951528188,
1751919882,
1491767490,
1180061544,
827574197,
446486956,
49969703,
-348274437,
-734482664,
-1095308120,
-1418281144,
-1692240207,
-1907717636,
-2057266811,
-2135719506,
-2140364498,
-2071041261,
-1930145516,
-1722546439,
-1455418385,
-1137992954,
-781239958,
-397488320,
0,
397488320,
781239958,
1137992954,
1455418385,
1722546439,
1930145516,
2071041261,
2140364498,
2135719506,
2057266811,
1907717636,
1692240207,
1418281144,
1095308120,
734482664,
348274437,
-49969703,
-446486956,
-827574197,
-1180061544,
-1491767490,
-1751919882,
-1951528188,
-2083694204,
-2143850444,
-2129917985,
-2042378316,
-1884256693,
-1661017596,
-1380375880,
-1052030158,
-687327635,
-298871958,
99912347,
495243811,
873460289,
1221491110,
1527308777,
1780344629,
1971854073,
2095218791,
2146175457,
2122963076,
2026383836,
1859775392,
1628895516,
1341723117,
1008182503,
639800406,
249307634,
-149800886,
-543732483,
-918873388,
-1262259217,
-1562023000,
-1807805289,
-1991112165,
-2105608780,
-2147338279,
-2114858545,
-2009292034,
-1834286990,
-1595891360,
-1302343788,
-963788900,
-591926714,
-199608306,
199608306,
591926714,
963788900,
1302343788,
1595891360,
1834286990,
2009292034,
2114858545,
2147338279,
2105608780,
1991112165,
1807805289,
1562023000,
1262259217,
918873388,
543732483,
149800886,
-249307634,
-639800406,
-1008182503,
-1341723117,
-1628895516,
-1859775392,
-2026383836,
-2122963076,
-2146175457,
-2095218791,
-1971854073,
-1780344629,
-1527308777,
-1221491110,
-873460289,
-495243811,
-99912347,
298871958,
687327635,
1052030158,
1380375880,
1661017596,
1884256693,
2042378316,
2129917985,
2143850444,
2083694204,
1951528188,
1751919882,
1491767490,
1180061544,
827574197,
446486956,
49969703,
-348274437,
-734482664,
-1095308120,
-1418281144,
-1692240207,
-1907717636,
-2057266811,
-2135719506,
-2140364498,
-2071041261,
-1930145516,
-1722546439,
-1455418385,
-1137992954,
-781239958,
-397488320,
0,
397488320,
781239958,
1137992954,
1455418385,
1722546439,
1930145516,
2071041261,
2140364498,
2135719506,
2057266811,
1907717636,
1692240207,
1418281144,
1095308120,
734482664,
348274437,
-49969703,
-446486956,
-827574197,
-1180061544,
-1491767490,
-1751919882,
-1951528188,
-2083694204,
-2143850444,
-2129917985,
-2042378316,
-1884256693,
-1661017596,
-1380375880,
-1052030158,
-687327635,
-298871958,
99912347,
495243811,
873460289,
1221491110,
1527308777,
1780344629,
1971854073,
2095218791,
2146175457,
2122963076,
2026383836,
