1431655765,
1435632586,
1439609408,
1443586229,
1447563051,
1451539872,
1455516694,
1459493515,
1463470337,
1467447159,
1471423980,
1475400802,
1479377623,
1483354445,
1487331266,
1491308088,
1495284910,
1499261731,
1503238553,
1507215374,
1511192196,
1515169017,
1519145839,
1523122661,
1527099482,
1531076304,
1535053125,
1539029947,
1543006768,
1546983590,
1550960412,
1554937233,
1558914055,
1562890876,
1566867698,
1570844519,
1574821341,
1578798163,
1582774984,
1586751806,
1590728627,
1594705449,
1598682270,
1602659092,
1606635914,
1610612735,
1614589557,
1618566378,
1622543200,
1626520021,
1630496843,
1634473665,
1638450486,
1642427308,
1646404129,
1650380951,
1654357772,
1658334594,
1662311416,
1666288237,
1670265059,
1674241880,
1678218702,
1682195523,
1686172345,
1690149167,
1694125988,
1698102810,
1702079631,
1706056453,
1710033274,
1714010096,
1717986918,
1721963739,
1725940561,
1729917382,
1733894204,
1737871025,
1741847847,
1745824668,
1749801490,
1753778312,
1757755133,
1761731955,
1765708776,
1769685598,
1773662419,
1777639241,
1781616063,
1785592884,
1789569706,
1793546527,
1797523349,
1801500170,
1805476992,
1809453814,
1813430635,
1817407457,
1821384278,
1825361100,
1829337921,
1833314743,
1837291565,
1841268386,
1845245208,
1849222029,
1853198851,
1857175672,
1861152494,
1865129316,
1869106137,
1873082959,
1877059780,
1881036602,
1885013423,
1888990245,
1892967067,
1896943888,
1900920710,
1904897531,
1908874353,
1912851174,
1916827996,
1920804818,
1924781639,
1928758461,
1932735282,
1936712104,
1940688925,
1944665747,
1948642569,
1952619390,
1956596212,
1960573033,
1964549855,
1968526676,
1972503498,
1976480320,
1980457141,
1984433963,
1988410784,
1992387606,
1996364427,
2000341249,
2004318071,
2008294892,
2012271714,
2016248535,
2020225357,
2024202178,
2028179000,
2032155821,
2036132643,
2040109465,
2044086286,
2048063108,
2052039929,
2056016751,
2059993572,
2063970394,
2067947216,
2071924037,
2075900859,
2079877680,
2083854502,
2087831323,
2091808145,
2095784967,
2099761788,
2103738610,
2107715431,
2111692253,
2115669074,
2119645896,
2123622718,
2127599539,
2131576361,
2135553182,
2139530004,
2143506825,
2147483647,
2151460469,
2155437290,
2159414112,
2163390933,
2167367755,
2171344576,
2175321398,
2179298220,
2183275041,
2187251863,
2191228684,
2195205506,
2199182327,
2203159149,
2207135971,
2211112792,
2215089614,
2219066435,
2223043257,
2227020078,
2230996900,
2234973722,
2238950543,
2242927365,
2246904186,
2250881008,
2254857829,
2258834651,
2262811473,
2266788294,
2270765116,
2274741937,
2278718759,
2282695580,
2286672402,
2290649224,
2294626045,
2298602867,
2302579688,
2306556510,
2310533331,
2314510153,
2318486974,
2322463796,
2326440618,
2330417439,
2334394261,
2338371082,
2342347904,
2346324725,
2350301547,
2354278369,
2358255190,
2362232012,
2366208833,
2370185655,
2374162476,
2378139298,
2382116120,
2386092941,
2390069763,
2394046584,
2398023406,
2402000227,
2405977049,
2409953871,
2413930692,
2417907514,
2421884335,
2425861157,
2429837978,
2433814800,
2437791622,
2441768443,
2445745265,
2449722086,
2453698908,
2457675729,
2461652551,
2465629373,
2469606194,
2473583016,
2477559837,
2481536659,
2485513480,
2489490302,
2493467124,
2497443945,
2501420767,
2505397588,
2509374410,
2513351231,
2517328053,
2521304875,
2525281696,
2529258518,
2533235339,
2537212161,
2541188982,
2545165804,
2549142626,
2553119447,
2557096269,
2561073090,
2565049912,
2569026733,
2573003555,
2576980377,
2580957198,
2584934020,
2588910841,
2592887663,
2596864484,
2600841306,
2604818127,
2608794949,
2612771771,
2616748592,
2620725414,
2624702235,
2628679057,
2632655878,
2636632700,
2640609522,
2644586343,
2648563165,
2652539986,
2656516808,
2660493629,
2664470451,
2668447273,
2672424094,
2676400916,
2680377737,
2684354559,
2688331380,
2692308202,
2696285024,
2700261845,
2704238667,
2708215488,
2712192310,
2716169131,
2720145953,
2724122775,
2728099596,
2732076418,
2736053239,
2740030061,
2744006882,
2747983704,
2751960526,
2755937347,
2759914169,
2763890990,
2767867812,
2771844633,
2775821455,
2779798277,
2783775098,
2787751920,
2791728741,
2795705563,
2799682384,
2803659206,
2807636028,
2811612849,
2815589671,
2819566492,
2823543314,
2827520135,
2831496957,
2835473779,
2839450600,
2843427422,
2847404243,
2851381065,
2855357886,
2859334708,
2863311530,
2867288351,
2871265173,
2875241994,
2879218816,
2883195637,
2887172459,
2891149280,
2895126102,
2899102924,
2903079745,
2907056567,
2911033388,
2915010210,
2918987031,
2922963853,
2926940675,
2930917496,
2934894318,
2938871139,
2942847961,
2946824782,
2950801604,
2954778426,
2958755247,
2962732069,
2966708890,
2970685712,
2974662533,
2978639355,
2982616177,
2986592998,
2990569820,
2994546641,
2998523463,
3002500284,
3006477106,
3010453928,
3014430749,
3018407571,
3022384392,
3026361214,
3030338035,
3034314857,
3038291679,
3042268500,
3046245322,
3050222143,
3054198965,
3058175786,
3062152608,
3066129430,
3070106251,
3074083073,
3078059894,
3082036716,
3086013537,
3089990359,
3093967181,
3097944002,
3101920824,
3105897645,
3109874467,
3113851288,
3117828110,
3121804932,
3125781753,
3129758575,
3133735396,
3137712218,
3141689039,
3145665861,
3149642683,
3153619504,
3157596326,
3161573147,
3165549969,
3169526790,
3173503612,
3177480433,
3181457255,
3185434077,
3189410898,
3193387720,
3197364541,
3201341363,
3205318184,
3209295006,
3213271828,
3217248649,
3221225471,
3225202292,
3229179114,
3233155935,
3237132757,
3241109579,
3245086400,
3249063222,
3253040043,
3257016865,
3260993686,
3264970508,
3268947330,
3272924151,
3276900973,
3280877794,
3284854616,
3288831437,
3292808259,
3296785081,
3300761902,
3304738724,
3308715545,
3312692367,
3316669188,
3320646010,
3324622832,
3328599653,
3332576475,
3336553296,
3340530118,
3344506939,
3348483761,
3352460583,
3356437404,
3360414226,
3364391047,
3368367869,
3372344690,
3376321512,
3380298334,
3384275155,
3388251977,
3392228798,
3396205620,
3400182441,
3404159263,
3408136085,
3412112906,
3416089728,
3420066549,
3424043371,
3428020192,
3431997014,
3435973836,
3439950657,
3443927479,
3447904300,
3451881122,
3455857943,
3459834765,
3463811586,
3467788408,
3471765230,
3475742051,
3479718873,
3483695694,
3487672516,
3491649337,
3495626159,
3499602981,
3503579802,
3507556624,
3511533445,
3515510267,
3519487088,
3523463910,
3527440732,
3531417553,
3535394375,
3539371196,
3543348018,
3547324839,
3551301661,
3555278483,
3559255304,
3563232126,
3567208947,
3571185769,
3575162590,
3579139412,
3583116234,
3587093055,
3591069877,
3595046698,
3599023520,
3603000341,
3606977163,
3610953985,
3614930806,
3618907628,
3622884449,
3626861271,
3630838092,
3634814914,
3638791736,
3642768557,
3646745379,
3650722200,
3654699022,
3658675843,
3662652665,
3666629487,
3670606308,
3674583130,
3678559951,
3682536773,
3686513594,
3690490416,
3694467238,
3698444059,
3702420881,
3706397702,
3710374524,
3714351345,
3718328167,
3722304989,
3726281810,
3730258632,
3734235453,
3738212275,
3742189096,
3746165918,
3750142739,
3754119561,
3758096383,
3762073204,
3766050026,
3770026847,
3774003669,
3777980490,
3781957312,
3785934134,
3789910955,
3793887777,
3797864598,
3801841420,
3805818241,
3809795063,
3813771885,
3817748706,
3821725528,
3825702349,
3829679171,
3833655992,
3837632814,
3841609636,
3845586457,
3849563279,
3853540100,
3857516922,
3861493743,
3865470565,
3869447387,
3873424208,
3877401030,
3881377851,
3885354673,
3889331494,
3893308316,
3897285138,
3901261959,
3905238781,
3909215602,
3913192424,
3917169245,
3921146067,
3925122889,
3929099710,
3933076532,
3937053353,
3941030175,
3945006996,
3948983818,
3952960640,
3956937461,
3960914283,
3964891104,
3968867926,
3972844747,
3976821569,
3980798391,
3984775212,
3988752034,
3992728855,
3996705677,
4000682498,
4004659320,
4008636142,
4012612963,
4016589785,
4020566606,
4024543428,
4028520249,
4032497071,
4036473892,
4040450714,
4044427536,
4048404357,
4052381179,
4056358000,
4060334822,
4064311643,
4068288465,
4072265287,
4076242108,
4080218930,
4084195751,
4088172573,
4092149394,
4096126216,
4100103038,
4104079859,
4108056681,
4112033502,
4116010324,
4119987145,
4123963967,
4127940789,
4131917610,
4135894432,
4139871253,
4143848075,
4147824896,
4151801718,
4155778540,
4159755361,
4163732183,
4167709004,
4171685826,
4175662647,
4179639469,
4183616291,
4187593112,
4191569934,
4195546755,
4199523577,
4203500398,
4207477220,
4211454042,
4215430863,
4219407685,
4223384506,
4227361328,
4231338149,
4235314971,
4239291793,
4243268614,
4247245436,
4251222257,
4255199079,
4259175900,
4263152722,
4267129544,
4271106365,
4275083187,
4279060008,
4283036830,
4287013651,
4290990473,
4294967295,
3976821,
7953643,
11930464,
15907286,
19884107,
23860929,
27837750,
31814572,
35791394,
39768215,
43745037,
47721858,
51698680,
55675501,
59652323,
63629145,
67605966,
71582788,
75559609,
79536431,
83513252,
87490074,
91466896,
95443717,
99420539,
103397360,
107374182,
111351003,
115327825,
119304647,
123281468,
127258290,
131235111,
135211933,
139188754,
143165576,
147142398,
151119219,
155096041,
159072862,
163049684,
167026505,
171003327,
174980149,
178956970,
182933792,
186910613,
190887435,
194864256,
198841078,
202817900,
206794721,
210771543,
214748364,
218725186,
222702007,
226678829,
230655651,
234632472,
238609294,
242586115,
246562937,
250539758,
254516580,
258493402,
262470223,
266447045,
270423866,
274400688,
278377509,
282354331,
286331153,
290307974,
294284796,
298261617,
302238439,
306215260,
310192082,
314168903,
318145725,
322122547,
326099368,
330076190,
334053011,
338029833,
342006654,
345983476,
349960298,
353937119,
357913941,
361890762,
365867584,
369844405,
373821227,
377798049,
381774870,
385751692,
389728513,
393705335,
397682156,
401658978,
405635800,
409612621,
413589443,
417566264,
421543086,
425519907,
429496729,
433473551,
437450372,
441427194,
445404015,
449380837,
453357658,
457334480,
461311302,
465288123,
469264945,
473241766,
477218588,
481195409,
485172231,
489149053,
493125874,
497102696,
501079517,
505056339,
509033160,
513009982,
516986804,
520963625,
524940447,
528917268,
532894090,
536870911,
540847733,
544824555,
548801376,
552778198,
556755019,
560731841,
564708662,
568685484,
572662306,
576639127,
580615949,
584592770,
588569592,
592546413,
596523235,
600500056,
604476878,
608453700,
612430521,
616407343,
620384164,
624360986,
628337807,
632314629,
636291451,
640268272,
644245094,
648221915,
652198737,
656175558,
660152380,
664129202,
668106023,
672082845,
676059666,
680036488,
684013309,
687990131,
691966953,
695943774,
699920596,
703897417,
707874239,
711851060,
715827882,
719804704,
723781525,
727758347,
731735168,
735711990,
739688811,
743665633,
747642455,
751619276,
755596098,
759572919,
763549741,
767526562,
771503384,
775480206,
779457027,
783433849,
787410670,
791387492,
795364313,
799341135,
803317957,
807294778,
811271600,
815248421,
819225243,
823202064,
827178886,
831155708,
835132529,
839109351,
843086172,
847062994,
851039815,
855016637,
858993459,
862970280,
866947102,
870923923,
874900745,
878877566,
882854388,
886831209,
890808031,
894784853,
898761674,
902738496,
906715317,
910692139,
914668960,
918645782,
922622604,
926599425,
930576247,
934553068,
938529890,
942506711,
946483533,
950460355,
954437176,
958413998,
962390819,
966367641,
970344462,
974321284,
978298106,
982274927,
986251749,
990228570,
994205392,
998182213,
1002159035,
1006135857,
1010112678,
1014089500,
1018066321,
1022043143,
1026019964,
1029996786,
1033973608,
1037950429,
1041927251,
1045904072,
1049880894,
1053857715,
1057834537,
1061811359,
1065788180,
1069765002,
1073741823,
1077718645,
1081695466,
1085672288,
1089649110,
1093625931,
1097602753,
1101579574,
1105556396,
1109533217,
1113510039,
1117486861,
1121463682,
1125440504,
1129417325,
1133394147,
1137370968,
1141347790,
1145324612,
1149301433,
1153278255,
1157255076,
1161231898,
1165208719,
1169185541,
1173162362,
1177139184,
1181116006,
1185092827,
1189069649,
1193046470,
1197023292,
1201000113,
1204976935,
1208953757,
1212930578,
1216907400,
1220884221,
1224861043,
1228837864,
1232814686,
1236791508,
1240768329,
1244745151,
1248721972,
1252698794,
1256675615,
1260652437,
1264629259,
1268606080,
1272582902,
1276559723,
1280536545,
1284513366,
1288490188,
1292467010,
1296443831,
1300420653,
1304397474,
1308374296,
1312351117,
1316327939,
1320304761,
1324281582,
1328258404,
1332235225,
1336212047,
1340188868,
1344165690,
1348142512,
1352119333,
1356096155,
1360072976,
1364049798,
1368026619,
1372003441,
1375980263,
1379957084,
1383933906,
1387910727,
1391887549,
1395864370,
1399841192,
1403818014,
1407794835,
1411771657,
1415748478,
1419725300,
1423702121,
1427678943,
