0,
212044324,
422016205,
627863454,
827574197,
1019196532,
1200857615,
1370781956,
1527308777,
1668908243,
1794196412,
1901948763,
1991112165,
2060815167,
2110376518,
2139311823,
2147338279,
2134377439,
2100555976,
2046204451,
1971854073,
1878231518,
1766251817,
1637009418,
1491767490,
1331945574,
1159105711,
974937174,
781239958,
579907190,
372906621,
162261400,
-49969703,
-261712422,
-470897259,
-675479720,
-873460289,
-1062903978,
-1241959234,
-1408876036,
-1562023000,
-1699903325,
-1821169418,
-1924636069,
-2009292034,
-2074309916,
-2119054253,
-2143087732,
-2146175457,
-2128287252,
-2089597947,
-2030485679,
-1951528188,
-1853497177,
-1737350765,
-1604224124,
-1455418385,
-1292387920,
-1116726130,
-930149869,
-734482664,
-531636895,
-323595102,
-112390610,
99912347,
311238797,
519523314,
722730201,
918873388,
1106035843,
1282388310,
1446207184,
1595891360,
1729977879,
1847156229,
1946281151,
2026383836,
2086681389,
2126584483,
2145703121,
2143850444,
2121044559,
2077508363,
2013667363,
1930145516,
1827759135,
1707508907,
1570570114,
1418281144,
1252130415,
1073741823,
884858872,
687327635,
483078710,
274108351,
62458957,
-149800886,
-360596632,
-567868038,
-769589311,
-963788900,
-1148568770,
-1322122950,
-1482755185,
-1628895516,
-1759115619,
-1872142772,
-1966872288,
-2042378316,
-2097922887,
-2132963130,
-2147156574,
-2140364498,
-2112653284,
-2064293772,
-1995758610,
-1907717636,
-1801031329,
-1676742403,
-1536065612,
-1380375880,
-1211194860,
-1030176065,
-839088708,
-639800406,
-434258929,
-224473165,
-12493482,
199608306,
409759197,
615905252,
816031675,
1008182503,
1190479726,
1361141637,
1518500249,
1661017596,
1787300767,
1896115516,
1986398328,
2057266811,
2108028323,
2138186740,
2147447304,
2135719506,
2103117970,
2049961329,
1976769119,
1884256693,
1773328233,
1645067914,
1500729304,
1341723117,
1169603421,
986052449,
792864163,
591926714,
385203989,
174716423,
-37478757,
-249307634,
-458699870,
-663608942,
-862032143,
-1052030158,
-1231746017,
-1399423242,
-1553423017,
-1692240207,
-1814518061,
-1919061481,
-2004848699,
-2071041261,
-2116992225,
-2142252484,
-2146575154,
-2129917985,
-2092443780,
-2034518797,
-1956709173,
-1859775392,
-1744664849,
-1612502591,
-1464580325,
-1302343788,
-1127378621,
-941394869,
-746210268,
-543732483,
-335940455,
-124865069,
87430702,
298871958,
507392149,
710953276,
907565806,
1095308120,
1272345295,
1436947034,
1587504580,
1722546439,
1840752761,
1940968240,
2022213408,
2083694204,
2124809738,
2145158161,
2144540595,
2122963076,
2080636495,
2017974536,
1935589634,
1834286990,
1715056697,
1579064070,
1427638249,
1262259217,
1084543326,
896227506,
699152287,
495243811,
286495003,
74946098,
-137335302,
-348274437,
-555809666,
-757912616,
-952608005,
-1137992954,
-1312255576,
-1473692695,
-1620726481,
-1751919882,
-1865990660,
-1961823931,
-2038483054,
-2095218791,
-2131476629,
-2146902196,
-2141344729,
-2114858545,
-2067702508,
-2000337506,
-1913421940,
-1807805289,
-1684519812,
-1544770457,
-1389923083,
-1221491110,
-1041120731,
-850574820,
-651715703,
-446486956,
-236894409,
-24986543,
187165532,
397488320,
603926203,
804461533,
997134351,
1180061544,
1351455248,
1509640324,
1653070730,
1780344629,
1890218093,
1981617259,
2053648824,
2105608780,
2136989288,
2147483647,
2136989288,
2105608780,
2053648824,
1981617259,
1890218093,
1780344629,
1653070730,
1509640324,
1351455248,
1180061544,
997134351,
804461533,
603926203,
397488320,
187165532,
-24986543,
-236894409,
-446486956,
-651715703,
-850574820,
-1041120731,
-1221491110,
-1389923083,
-1544770457,
-1684519812,
-1807805289,
-1913421940,
-2000337506,
-2067702508,
-2114858545,
-2141344729,
-2146902196,
-2131476629,
-2095218791,
-2038483054,
-1961823931,
-1865990660,
-1751919882,
-1620726481,
-1473692695,
-1312255576,
-1137992954,
-952608005,
-757912616,
-555809666,
-348274437,
-137335302,
74946098,
286495003,
495243811,
699152287,
896227506,
1084543326,
1262259217,
1427638249,
1579064070,
1715056697,
1834286990,
1935589634,
2017974536,
2080636495,
2122963076,
2144540595,
2145158161,
2124809738,
2083694204,
2022213408,
1940968240,
1840752761,
1722546439,
1587504580,
1436947034,
1272345295,
1095308120,
907565806,
710953276,
507392149,
298871958,
87430702,
-124865069,
-335940455,
-543732483,
-746210268,
-941394869,
-1127378621,
-1302343788,
-1464580325,
-1612502591,
-1744664849,
-1859775392,
-1956709173,
-2034518797,
-2092443780,
-2129917985,
-2146575154,
-2142252484,
-2116992225,
-2071041261,
-2004848699,
-1919061481,
-1814518061,
-1692240207,
-1553423017,
-1399423242,
-1231746017,
-1052030158,
-862032143,
-663608942,
-458699870,
-249307634,
-37478757,
174716423,
385203989,
591926714,
792864163,
986052449,
1169603421,
1341723117,
1500729304,
1645067914,
1773328233,
1884256693,
1976769119,
2049961329,
2103117970,
2135719506,
2147447304,
2138186740,
2108028323,
2057266811,
1986398328,
1896115516,
1787300767,
1661017596,
1518500249,
1361141637,
1190479726,
1008182503,
816031675,
615905252,
409759197,
199608306,
-12493482,
-224473165,
-434258929,
-639800406,
-839088708,
-1030176065,
-1211194860,
-1380375880,
-1536065612,
-1676742403,
-1801031329,
-1907717636,
-1995758610,
-2064293772,
-2112653284,
-2140364498,
-2147156574,
-2132963130,
-2097922887,
-2042378316,
-1966872288,
-1872142772,
-1759115619,
-1628895516,
-1482755185,
-1322122950,
-1148568770,
-963788900,
-769589311,
-567868038,
-360596632,
-149800886,
62458957,
274108351,
483078710,
687327635,
884858872,
1073741823,
1252130415,
1418281144,
1570570114,
1707508907,
1827759135,
1930145516,
2013667363,
2077508363,
2121044559,
2143850444,
2145703121,
2126584483,
2086681389,
2026383836,
1946281151,
1847156229,
1729977879,
1595891360,
1446207184,
1282388310,
1106035843,
918873388,
722730201,
519523314,
311238797,
99912347,
-112390610,
-323595102,
-531636895,
-734482664,
-930149869,
-1116726130,
-1292387920,
-1455418385,
-1604224124,
-1737350765,
-1853497177,
-1951528188,
-2030485679,
-2089597947,
-2128287252,
-2146175457,
-2143087732,
-2119054253,
-2074309916,
-2009292034,
-1924636069,
-1821169418,
-1699903325,
-1562023000,
-1408876036,
-1241959234,
-1062903978,
-873460289,
-675479720,
-470897259,
-261712422,
-49969703,
162261400,
372906621,
579907190,
781239958,
974937174,
1159105711,
1331945574,
1491767490,
1637009418,
1766251817,
1878231518,
1971854073,
2046204451,
2100555976,
2134377439,
2147338279,
2139311823,
2110376518,
2060815167,
1991112165,
1901948763,
1794196412,
1668908243,
1527308777,
1370781956,
1200857615,
1019196532,
827574197,
627863454,
422016205,
212044324,
0,
-212044324,
-422016205,
-627863454,
-827574197,
-1019196532,
-1200857615,
-1370781956,
-1527308777,
-1668908243,
-1794196412,
-1901948763,
-1991112165,
-2060815167,
-2110376518,
-2139311823,
-2147338279,
-2134377439,
-2100555976,
-2046204451,
-1971854073,
-1878231518,
-1766251817,
-1637009418,
-1491767490,
-1331945574,
-1159105711,
-974937174,
-781239958,
-579907190,
-372906621,
-162261400,
49969703,
261712422,
470897259,
675479720,
873460289,
1062903978,
1241959234,
1408876036,
1562023000,
1699903325,
1821169418,
1924636069,
2009292034,
2074309916,
2119054253,
2143087732,
2146175457,
2128287252,
2089597947,
2030485679,
1951528188,
1853497177,
1737350765,
1604224124,
1455418385,
1292387920,
1116726130,
930149869,
734482664,
531636895,
323595102,
112390610,
-99912347,
-311238797,
-519523314,
-722730201,
-918873388,
-1106035843,
-1282388310,
-1446207184,
-1595891360,
-1729977879,
-1847156229,
-1946281151,
-2026383836,
-2086681389,
-2126584483,
-2145703121,
-2143850444,
-2121044559,
-2077508363,
-2013667363,
-1930145516,
-1827759135,
-1707508907,
-1570570114,
-1418281144,
-1252130415,
-1073741823,
-884858872,
-687327635,
-483078710,
-274108351,
-62458957,
149800886,
360596632,
567868038,
769589311,
963788900,
1148568770,
1322122950,
1482755185,
1628895516,
1759115619,
1872142772,
1966872288,
2042378316,
2097922887,
2132963130,
2147156574,
2140364498,
2112653284,
2064293772,
1995758610,
1907717636,
1801031329,
1676742403,
1536065612,
1380375880,
1211194860,
1030176065,
839088708,
639800406,
434258929,
224473165,
12493482,
-199608306,
-409759197,
-615905252,
-816031675,
-1008182503,
-1190479726,
-1361141637,
-1518500249,
-1661017596,
-1787300767,
-1896115516,
-1986398328,
-2057266811,
-2108028323,
-2138186740,
-2147447304,
-2135719506,
-2103117970,
-2049961329,
-1976769119,
-1884256693,
-1773328233,
-1645067914,
-1500729304,
-1341723117,
-1169603421,
-986052449,
-792864163,
-591926714,
-385203989,
-174716423,
37478757,
249307634,
458699870,
663608942,
862032143,
1052030158,
1231746017,
1399423242,
1553423017,
1692240207,
1814518061,
1919061481,
2004848699,
2071041261,
2116992225,
2142252484,
2146575154,
2129917985,
2092443780,
2034518797,
1956709173,
1859775392,
1744664849,
1612502591,
1464580325,
1302343788,
1127378621,
941394869,
746210268,
543732483,
335940455,
124865069,
-87430702,
-298871958,
-507392149,
-710953276,
-907565806,
-1095308120,
-1272345295,
-1436947034,
-1587504580,
-1722546439,
-1840752761,
-1940968240,
-2022213408,
-2083694204,
-2124809738,
-2145158161,
-2144540595,
-2122963076,
-2080636495,
-2017974536,
-1935589634,
-1834286990,
-1715056697,
-1579064070,
-1427638249,
-1262259217,
-1084543326,
-896227506,
-699152287,
-495243811,
-286495003,
-74946098,
137335302,
348274437,
555809666,
757912616,
952608005,
1137992954,
1312255576,
1473692695,
1620726481,
1751919882,
1865990660,
1961823931,
2038483054,
2095218791,
2131476629,
2146902196,
2141344729,
2114858545,
2067702508,
2000337506,
1913421940,
1807805289,
1684519812,
1544770457,
1389923083,
1221491110,
1041120731,
850574820,
651715703,
446486956,
236894409,
24986543,
-187165532,
-397488320,
-603926203,
-804461533,
-997134351,
-1180061544,
-1351455248,
-1509640324,
-1653070730,
-1780344629,
-1890218093,
-1981617259,
-2053648824,
-2105608780,
-2136989288,
-2147483647,
-2136989288,
-2105608780,
-2053648824,
-1981617259,
-1890218093,
-1780344629,
-1653070730,
-1509640324,
-1351455248,
-1180061544,
-997134351,
-804461533,
-603926203,
-397488320,
-187165532,
24986543,
236894409,
446486956,
651715703,
850574820,
1041120731,
1221491110,
1389923083,
1544770457,
1684519812,
1807805289,
1913421940,
2000337506,
2067702508,
2114858545,
2141344729,
2146902196,
2131476629,
2095218791,
2038483054,
1961823931,
1865990660,
1751919882,
1620726481,
1473692695,
1312255576,
1137992954,
952608005,
757912616,
555809666,
348274437,
137335302,
-74946098,
-286495003,
-495243811,
-699152287,
-896227506,
-1084543326,
-1262259217,
-1427638249,
-1579064070,
-1715056697,
-1834286990,
-1935589634,
-2017974536,
-2080636495,
-2122963076,
-2144540595,
-2145158161,
-2124809738,
-2083694204,
-2022213408,
-1940968240,
-1840752761,
-1722546439,
-1587504580,
-1436947034,
-1272345295,
-1095308120,
-907565806,
-710953276,
-507392149,
-298871958,
-87430702,
124865069,
335940455,
543732483,
746210268,
941394869,
1127378621,
1302343788,
1464580325,
1612502591,
1744664849,
1859775392,
1956709173,
2034518797,
2092443780,
2129917985,
2146575154,
2142252484,
2116992225,
2071041261,
2004848699,
1919061481,
1814518061,
1692240207,
1553423017,
1399423242,
1231746017,
1052030158,
862032143,
663608942,
458699870,
249307634,
37478757,
-174716423,
-385203989,
-591926714,
-792864163,
-986052449,
-1169603421,
-1341723117,
-1500729304,
-1645067914,
-1773328233,
-1884256693,
-1976769119,
-2049961329,
-2103117970,
-2135719506,
-2147447304,
-2138186740,
-2108028323,
-2057266811,
-1986398328,
-1896115516,
-1787300767,
-1661017596,
-1518500249,
-1361141637,
-1190479726,
-1008182503,
-816031675,
-615905252,
-409759197,
-199608306,
12493482,
224473165,
434258929,
639800406,
839088708,
1030176065,
1211194860,
1380375880,
1536065612,
1676742403,
1801031329,
1907717636,
1995758610,
2064293772,
2112653284,
2140364498,
2147156574,
2132963130,
2097922887,
2042378316,
1966872288,
1872142772,
1759115619,
1628895516,
1482755185,
1322122950,
1148568770,
963788900,
769589311,
567868038,
360596632,
149800886,
-62458957,
-274108351,
-483078710,
-687327635,
-884858872,
-1073741823,
-1252130415,
-1418281144,
-1570570114,
-1707508907,
-1827759135,
-1930145516,
-2013667363,
-2077508363,
-2121044559,
-2143850444,
-2145703121,
-2126584483,
-2086681389,
-2026383836,
-1946281151,
-1847156229,
-1729977879,
-1595891360,
-1446207184,
-1282388310,
-1106035843,
-918873388,
-722730201,
-519523314,
-311238797,
-99912347,
112390610,
323595102,
531636895,
734482664,
930149869,
1116726130,
1292387920,
1455418385,
1604224124,
1737350765,
1853497177,
1951528188,
2030485679,
2089597947,
2128287252,
2146175457,
2143087732,
2119054253,
2074309916,
2009292034,
1924636069,
1821169418,
1699903325,
1562023000,
1408876036,
1241959234,
1062903978,
873460289,
675479720,
470897259,
261712422,
49969703,
-162261400,
-372906621,
-579907190,
-781239958,
-974937174,
-1159105711,
-1331945574,
-1491767490,
-1637009418,
-1766251817,
-1878231518,
-1971854073,
-2046204451,
-2100555976,
-2134377439,
-2147338279,
-2139311823,
-2110376518,
-2060815167,
-1991112165,
-1901948763,
-1794196412,
-1668908243,
-1527308777,
-1370781956,
-1200857615,
-1019196532,
-827574197,
-627863454,
-422016205,
-212044324,
