-2147483647,
-2138186740,
-2110376518,
-2064293772,
-2000337506,
-1919061481,
-1821169418,
-1707508907,
-1579064070,
-1436947034,
-1282388310,
-1116726130,
-941394869,
-757912616,
-567868038,
-372906621,
-174716423,
24986543,
224473165,
422016205,
615905252,
804461533,
986052449,
1159105711,
1322122950,
1473692695,
1612502591,
1737350765,
1847156229,
1940968240,
2017974536,
2077508363,
2119054253,
2142252484,
2146902196,
2132963130,
2100555976,
2049961329,
1981617259,
1896115516,
1794196412,
1676742403,
1544770457,
1399423242,
1241959234,
1073741823,
896227506,
710953276,
519523314,
323595102,
124865069,
-74946098,
-274108351,
-470897259,
-663608942,
-850574820,
-1030176065,
-1200857615,
-1361141637,
-1509640324,
-1645067914,
-1766251817,
-1872142772,
-1961823931,
-2034518797,
-2089597947,
-2126584483,
-2145158161,
-2145158161,
-2126584483,
-2089597947,
-2034518797,
-1961823931,
-1872142772,
-1766251817,
-1645067914,
-1509640324,
-1361141637,
-1200857615,
-1030176065,
-850574820,
-663608942,
-470897259,
-274108351,
-74946098,
124865069,
323595102,
519523314,
710953276,
896227506,
1073741823,
1241959234,
1399423242,
1544770457,
1676742403,
1794196412,
1896115516,
1981617259,
2049961329,
2100555976,
2132963130,
2146902196,
2142252484,
2119054253,
2077508363,
2017974536,
1940968240,
1847156229,
1737350765,
1612502591,
1473692695,
1322122950,
1159105711,
986052449,
804461533,
615905252,
422016205,
224473165,
24986543,
-174716423,
-372906621,
-567868038,
-757912616,
-941394869,
-1116726130,
-1282388310,
-1436947034,
-1579064070,
-1707508907,
-1821169418,
-1919061481,
-2000337506,
-2064293772,
-2110376518,
-2138186740,
-2147483647,
-2138186740,
-2110376518,
-2064293772,
-2000337506,
-1919061481,
-1821169418,
-1707508907,
-1579064070,
-1436947034,
-1282388310,
-1116726130,
-941394869,
-757912616,
-567868038,
-372906621,
-174716423,
24986543,
224473165,
422016205,
615905252,
804461533,
986052449,
1159105711,
1322122950,
1473692695,
1612502591,
1737350765,
1847156229,
1940968240,
2017974536,
2077508363,
2119054253,
2142252484,
2146902196,
2132963130,
2100555976,
2049961329,
1981617259,
1896115516,
1794196412,
1676742403,
1544770457,
1399423242,
1241959234,
1073741823,
896227506,
710953276,
519523314,
323595102,
124865069,
-74946098,
-274108351,
-470897259,
-663608942,
-850574820,
-1030176065,
-1200857615,
-1361141637,
-1509640324,
-1645067914,
-1766251817,
-1872142772,
-1961823931,
-2034518797,
-2089597947,
-2126584483,
-2145158161,
-2145158161,
-2126584483,
-2089597947,
-2034518797,
-1961823931,
-1872142772,
-1766251817,
-1645067914,
-1509640324,
-1361141637,
-1200857615,
-1030176065,
-850574820,
-663608942,
-470897259,
-274108351,
-74946098,
124865069,
323595102,
519523314,
710953276,
896227506,
1073741823,
1241959234,
1399423242,
1544770457,
1676742403,
1794196412,
1896115516,
1981617259,
2049961329,
2100555976,
2132963130,
2146902196,
2142252484,
2119054253,
2077508363,
2017974536,
1940968240,
1847156229,
1737350765,
1612502591,
1473692695,
1322122950,
1159105711,
986052449,
804461533,
615905252,
422016205,
224473165,
24986543,
-174716423,
-372906621,
-567868038,
-757912616,
-941394869,
-1116726130,
-1282388310,
-1436947034,
-1579064070,
-1707508907,
-1821169418,
-1919061481,
-2000337506,
-2064293772,
-2110376518,
-2138186740,
-2147483647,
-2138186740,
-2110376518,
-2064293772,
-2000337506,
-1919061481,
-1821169418,
-1707508907,
-1579064070,
-1436947034,
-1282388310,
-1116726130,
-941394869,
-757912616,
-567868038,
-372906621,
-174716423,
24986543,
224473165,
422016205,
615905252,
804461533,
986052449,
1159105711,
1322122950,
1473692695,
1612502591,
1737350765,
1847156229,
1940968240,
2017974536,
2077508363,
2119054253,
2142252484,
2146902196,
2132963130,
2100555976,
2049961329,
1981617259,
1896115516,
1794196412,
1676742403,
1544770457,
1399423242,
1241959234,
1073741823,
896227506,
710953276,
519523314,
323595102,
124865069,
-74946098,
-274108351,
-470897259,
-663608942,
-850574820,
-1030176065,
-1200857615,
-1361141637,
-1509640324,
-1645067914,
-1766251817,
-1872142772,
-1961823931,
-2034518797,
-2089597947,
-2126584483,
-2145158161,
-2145158161,
-2126584483,
-2089597947,
-2034518797,
-1961823931,
-1872142772,
-1766251817,
-1645067914,
-1509640324,
-1361141637,
-1200857615,
-1030176065,
-850574820,
-663608942,
-470897259,
-274108351,
-74946098,
124865069,
323595102,
519523314,
710953276,
896227506,
1073741823,
1241959234,
1399423242,
1544770457,
1676742403,
1794196412,
1896115516,
1981617259,
2049961329,
2100555976,
2132963130,
2146902196,
2142252484,
2119054253,
2077508363,
2017974536,
1940968240,
1847156229,
1737350765,
1612502591,
1473692695,
1322122950,
1159105711,
986052449,
804461533,
615905252,
422016205,
224473165,
24986543,
-174716423,
-372906621,
-567868038,
-757912616,
-941394869,
-1116726130,
-1282388310,
-1436947034,
-1579064070,
-1707508907,
-1821169418,
-1919061481,
-2000337506,
-2064293772,
-2110376518,
-2138186740,
-2147483647,
-2138186740,
-2110376518,
-2064293772,
-2000337506,
-1919061481,
-1821169418,
-1707508907,
-1579064070,
-1436947034,
-1282388310,
-1116726130,
-941394869,
-757912616,
-567868038,
-372906621,
-174716423,
24986543,
224473165,
422016205,
615905252,
804461533,
986052449,
1159105711,
1322122950,
1473692695,
1612502591,
1737350765,
1847156229,
1940968240,
2017974536,
2077508363,
2119054253,
2142252484,
2146902196,
2132963130,
2100555976,
2049961329,
1981617259,
1896115516,
1794196412,
1676742403,
1544770457,
1399423242,
1241959234,
1073741823,
896227506,
710953276,
519523314,
323595102,
124865069,
-74946098,
-274108351,
-470897259,
-663608942,
-850574820,
-1030176065,
-1200857615,
-1361141637,
-1509640324,
-1645067914,
-1766251817,
-1872142772,
-1961823931,
-2034518797,
-2089597947,
-2126584483,
-2145158161,
-2145158161,
-2126584483,
-2089597947,
-2034518797,
-1961823931,
-1872142772,
-1766251817,
-1645067914,
-1509640324,
-1361141637,
-1200857615,
-1030176065,
-850574820,
-663608942,
-470897259,
-274108351,
-74946098,
124865069,
323595102,
519523314,
710953276,
896227506,
1073741823,
1241959234,
1399423242,
1544770457,
1676742403,
1794196412,
1896115516,
1981617259,
2049961329,
2100555976,
2132963130,
2146902196,
2142252484,
2119054253,
2077508363,
2017974536,
1940968240,
1847156229,
1737350765,
1612502591,
1473692695,
1322122950,
1159105711,
986052449,
804461533,
615905252,
422016205,
224473165,
24986543,
-174716423,
-372906621,
-567868038,
-757912616,
-941394869,
-1116726130,
-1282388310,
-1436947034,
-1579064070,
-1707508907,
-1821169418,
-1919061481,
-2000337506,
-2064293772,
-2110376518,
-2138186740,
-2147483647,
-2138186740,
-2110376518,
-2064293772,
-2000337506,
-1919061481,
-1821169418,
-1707508907,
-1579064070,
-1436947034,
-1282388310,
-1116726130,
-941394869,
-757912616,
-567868038,
-372906621,
-174716423,
24986543,
224473165,
422016205,
615905252,
804461533,
986052449,
1159105711,
1322122950,
1473692695,
1612502591,
1737350765,
1847156229,
1940968240,
2017974536,
2077508363,
2119054253,
2142252484,
2146902196,
2132963130,
2100555976,
2049961329,
1981617259,
1896115516,
1794196412,
1676742403,
1544770457,
1399423242,
1241959234,
1073741823,
896227506,
710953276,
519523314,
323595102,
124865069,
-74946098,
-274108351,
-470897259,
-663608942,
-850574820,
-1030176065,
-1200857615,
-1361141637,
-1509640324,
-1645067914,
-1766251817,
-1872142772,
-1961823931,
-2034518797,
-2089597947,
-2126584483,
-2145158161,
-2145158161,
-2126584483,
-2089597947,
-2034518797,
-1961823931,
-1872142772,
-1766251817,
-1645067914,
-1509640324,
-1361141637,
-1200857615,
-1030176065,
-850574820,
-663608942,
-470897259,
-274108351,
-74946098,
124865069,
323595102,
519523314,
710953276,
896227506,
1073741823,
1241959234,
1399423242,
1544770457,
1676742403,
1794196412,
1896115516,
1981617259,
2049961329,
2100555976,
2132963130,
2146902196,
2142252484,
2119054253,
2077508363,
2017974536,
1940968240,
1847156229,
1737350765,
1612502591,
1473692695,
1322122950,
1159105711,
986052449,
804461533,
615905252,
422016205,
224473165,
24986543,
-174716423,
-372906621,
-567868038,
-757912616,
-941394869,
-1116726130,
-1282388310,
-1436947034,
-1579064070,
-1707508907,
-1821169418,
-1919061481,
-2000337506,
-2064293772,
-2110376518,
-2138186740,
-2147483647,
-2138186740,
-2110376518,
-2064293772,
-2000337506,
-1919061481,
-1821169418,
-1707508907,
-1579064070,
-1436947034,
-1282388310,
-1116726130,
-941394869,
-757912616,
-567868038,
-372906621,
-174716423,
24986543,
224473165,
422016205,
615905252,
804461533,
986052449,
1159105711,
1322122950,
1473692695,
1612502591,
1737350765,
1847156229,
1940968240,
2017974536,
2077508363,
2119054253,
2142252484,
2146902196,
2132963130,
2100555976,
2049961329,
1981617259,
1896115516,
1794196412,
1676742403,
1544770457,
1399423242,
1241959234,
1073741823,
896227506,
710953276,
519523314,
323595102,
124865069,
-74946098,
-274108351,
-470897259,
-663608942,
-850574820,
-1030176065,
-1200857615,
-1361141637,
-1509640324,
-1645067914,
-1766251817,
-1872142772,
-1961823931,
-2034518797,
-2089597947,
-2126584483,
-2145158161,
-2145158161,
-2126584483,
-2089597947,
-2034518797,
-1961823931,
-1872142772,
-1766251817,
-1645067914,
-1509640324,
-1361141637,
-1200857615,
-1030176065,
-850574820,
-663608942,
-470897259,
-274108351,
-74946098,
124865069,
323595102,
519523314,
710953276,
896227506,
1073741823,
1241959234,
1399423242,
1544770457,
1676742403,
1794196412,
1896115516,
1981617259,
2049961329,
2100555976,
2132963130,
2146902196,
2142252484,
2119054253,
2077508363,
2017974536,
1940968240,
1847156229,
1737350765,
1612502591,
1473692695,
1322122950,
1159105711,
986052449,
804461533,
615905252,
422016205,
224473165,
24986543,
-174716423,
-372906621,
-567868038,
-757912616,
-941394869,
-1116726130,
-1282388310,
-1436947034,
-1579064070,
-1707508907,
-1821169418,
-1919061481,
-2000337506,
-2064293772,
-2110376518,
-2138186740,
-2147483647,
-2138186740,
-2110376518,
-2064293772,
-2000337506,
-1919061481,
-1821169418,
-1707508907,
-1579064070,
-1436947034,
-1282388310,
-1116726130,
-941394869,
-757912616,
-567868038,
-372906621,
-174716423,
24986543,
224473165,
422016205,
615905252,
804461533,
986052449,
1159105711,
1322122950,
1473692695,
1612502591,
1737350765,
1847156229,
1940968240,
2017974536,
2077508363,
2119054253,
2142252484,
2146902196,
2132963130,
2100555976,
2049961329,
1981617259,
1896115516,
1794196412,
1676742403,
1544770457,
1399423242,
1241959234,
1073741823,
896227506,
710953276,
519523314,
323595102,
124865069,
-74946098,
-274108351,
-470897259,
-663608942,
-850574820,
-1030176065,
-1200857615,
-1361141637,
-1509640324,
-1645067914,
-1766251817,
-1872142772,
-1961823931,
-2034518797,
-2089597947,
-2126584483,
-2145158161,
-2145158161,
-2126584483,
-2089597947,
-2034518797,
-1961823931,
-1872142772,
-1766251817,
-1645067914,
-1509640324,
-1361141637,
-1200857615,
-1030176065,
-850574820,
-663608942,
-470897259,
-274108351,
-74946098,
124865069,
323595102,
519523314,
710953276,
896227506,
1073741823,
1241959234,
1399423242,
1544770457,
1676742403,
1794196412,
1896115516,
1981617259,
2049961329,
2100555976,
2132963130,
2146902196,
2142252484,
2119054253,
2077508363,
2017974536,
1940968240,
1847156229,
1737350765,
1612502591,
1473692695,
1322122950,
1159105711,
986052449,
804461533,
615905252,
422016205,
224473165,
24986543,
-174716423,
-372906621,
-567868038,
-757912616,
-941394869,
-1116726130,
-1282388310,
-1436947034,
-1579064070,
-1707508907,
-1821169418,
-1919061481,
-2000337506,
-2064293772,
-2110376518,
-2138186740,
-2147483647,
-2138186740,
-2110376518,
-2064293772,
-2000337506,
-1919061481,
-1821169418,
-1707508907,
-1579064070,
-1436947034,
-1282388310,
-1116726130,
-941394869,
-757912616,
-567868038,
-372906621,
-174716423,
24986543,
224473165,
422016205,
615905252,
804461533,
986052449,
1159105711,
1322122950,
1473692695,
1612502591,
1737350765,
1847156229,
1940968240,
2017974536,
2077508363,
2119054253,
2142252484,
2146902196,
2132963130,
2100555976,
2049961329,
1981617259,
1896115516,
1794196412,
1676742403,
1544770457,
1399423242,
1241959234,
1073741823,
896227506,
710953276,
519523314,
323595102,
124865069,
-74946098,
-274108351,
-470897259,
-663608942,
-850574820,
-1030176065,
-1200857615,
-1361141637,
-1509640324,
-1645067914,
-1766251817,
-1872142772,
-1961823931,
-2034518797,
-2089597947,
-2126584483,
-2145158161,
-2145158161,
-2126584483,
-2089597947,
-2034518797,
-1961823931,
-1872142772,
-1766251817,
-1645067914,
-1509640324,
-1361141637,
-1200857615,
-1030176065,
-850574820,
-663608942,
-470897259,
-274108351,
-74946098,
124865069,
323595102,
519523314,
710953276,
896227506,
1073741823,
1241959234,
1399423242,
1544770457,
1676742403,
1794196412,
1896115516,
1981617259,
2049961329,
2100555976,
2132963130,
2146902196,
2142252484,
2119054253,
2077508363,
2017974536,
1940968240,
1847156229,
1737350765,
1612502591,
1473692695,
1322122950,
1159105711,
986052449,
804461533,
615905252,
422016205,
224473165,
24986543,
-174716423,
-372906621,
-567868038,
-757912616,
-941394869,
-1116726130,
-1282388310,
-1436947034,
-1579064070,
-1707508907,
-1821169418,
-1919061481,
-2000337506,
-2064293772,
-2110376518,
-2138186740,
